0 0.969727 0.083008 0.025391 0.013672
0 0.508789 0.803711 0.023598 0.013672
0 0.541016 1.057617 0.025377 0.013672
0 0.723633 1.059570 0.021484 0.025006
0 0.759766 0.923828 0.052619 0.031250
0 0.772461 0.946289 0.021484 0.013672
0 0.622070 0.921875 0.021484 0.011719
0 0.673828 0.924805 0.019531 0.009766
0 0.774414 0.966797 0.017578 0.015625
0 0.204552 1.187200 0.024489 0.022837
0 0.350578 1.377041 0.021500 0.023261
0 0.164063 1.564453 0.015625 0.011719
0 0.206055 1.566406 0.025391 0.011719
0 0.198242 1.531250 0.013672 0.015625
0 0.719727 1.475586 0.017578 0.027780
0 0.968233 1.286994 0.030469 0.015855
0 0.352539 1.022461 0.017578 0.021484
0 0.225586 0.954102 0.013672 0.023598
0 0.972096 1.190459 0.030130 0.013890
0 1.046874 1.030306 0.058596 0.060482
0 0.547852 0.478516 0.056641 0.058594
0 0.667969 0.469727 0.074219 0.076172
0 0.873045 0.535238 0.078446 0.078288
0 1.048828 0.674805 0.074219 0.087891
0 0.665625 0.607971 0.081752 0.075317
0 0.753898 0.691536 0.058611 0.062241
0 0.881862 0.882739 0.158459 0.320459
0 0.241308 0.709971 0.021291 0.021465
0 0.355469 0.290039 0.027344 0.013672
0 0.355469 0.312500 0.023438 0.011719
0 0.207031 0.271484 0.031250 0.027378
0 0.346680 0.503906 0.025391 0.019531
0 0.186523 0.530273 0.017578 0.021484
0 0.358398 0.570312 0.029297 0.015625
0 0.842713 1.309075 0.025511 0.018570
0 0.825195 1.212891 0.033203 0.015762
0 0.712891 1.527344 0.015625 0.015625
0 0.824197 1.105977 0.023482 0.045858
0 1.227539 0.068359 0.017578 0.027344
0 0.931641 0.083008 0.027344 0.009766
0 1.143434 0.091782 0.017819 0.019501
0 1.201172 0.776367 0.050781 0.041816
0 0.778320 0.810547 0.017578 0.011719
0 0.794922 1.105469 0.019531 0.042969
0 0.856445 1.108398 0.025469 0.041016
0 1.226562 0.163086 0.015625 0.083984
0 1.130859 0.348633 0.031250 0.013672
0 1.198242 0.350586 0.025391 0.013672
0 1.365234 0.098633 0.011719 0.017578
0 1.360215 0.308613 0.013945 0.018867
0 0.220703 1.147461 0.007812 0.013672
0 0.223593 1.016065 0.013752 0.022557
0 1.241211 0.197266 0.009766 0.023438
0 0.993164 0.343750 0.033203 0.019894
0 1.070279 1.218178 0.015692 0.024582
0 0.870117 1.553711 0.013672 0.016953
0 1.164062 1.135742 0.015625 0.025391
0 1.255859 1.225586 0.015764 0.029297
0 1.353516 1.140625 0.011719 0.023438
0 1.111272 1.535002 0.011831 0.062809
0 0.904649 1.637727 0.024142 0.010054
0 0.894531 1.651367 0.029009 0.013672
0 0.878906 1.632812 0.019531 0.011909
0 1.054688 0.345703 0.023438 0.011719
0 1.097656 1.644531 0.031250 0.046875
0 0.079237 1.538191 0.018329 0.021695
0 0.365234 0.668945 0.027344 0.017578
0 0.146447 0.396672 0.016301 0.023813
0 0.934570 0.221680 0.025391 0.021484
0 0.926532 0.339927 0.024938 0.016744
0 0.555664 0.329102 0.048828 0.048828
