0 4.523137 0.027794 0.067007 0.057692
0 2.663945 1.604648 0.062734 0.142891
0 1.711645 1.786513 0.077291 0.158963
0 1.825123 1.764311 0.076789 0.192684
0 1.933641 1.719927 0.085844 0.225010
0 2.055831 1.724440 0.076506 0.180641
0 2.295383 1.659327 0.085016 0.162404
0 2.427105 1.621671 0.076933 0.161311
0 2.543009 1.593944 0.071381 0.180075
0 2.777962 1.595156 0.092514 0.178592
0 3.825195 1.327148 0.069062 0.205078
0 2.902344 1.564453 0.083327 0.167969
0 2.991045 1.537237 0.072597 0.168224
0 3.101484 1.497310 0.082526 0.174308
0 3.254953 1.461301 0.068880 0.180415
0 3.371094 1.436523 0.075063 0.193359
0 3.486328 1.415039 0.078125 0.190532
0 3.606430 1.393477 0.076202 0.197110
0 1.602203 1.823609 0.076845 0.139406
0 1.490234 1.865234 0.063037 0.156250
0 1.378906 1.878906 0.058834 0.109375
0 1.252049 1.924350 0.066818 0.157294
0 0.213867 0.305664 0.080767 0.138672
0 0.328125 0.274414 0.089907 0.134766
0 0.776071 0.120939 0.065046 0.093440
0 0.914947 0.085524 0.064637 0.081204
0 1.010617 0.065838 0.056890 0.088708
0 1.126173 0.041951 0.057034 0.085476
0 0.610241 1.622092 0.107643 0.060503
0 0.630738 1.732447 0.114566 0.062550
0 0.670485 1.817481 0.159030 0.079882
0 0.696276 1.907162 0.162136 0.087761
0 0.763115 1.976622 0.088730 0.133460
0 0.826070 1.997081 0.047121 0.115256
0 0.896484 1.988281 0.062604 0.125000
0 1.006727 1.963266 0.076953 0.160906
0 1.130790 1.945020 0.082170 0.159572
0 3.705078 1.330078 0.086483 0.226562
0 4.069336 1.311523 0.061034 0.146484
0 4.526367 0.246094 0.070500 0.078125
0 2.928113 1.102059 0.082788 0.160561
0 6.772461 0.664062 0.073369 0.218750
0 6.970703 0.638672 0.082031 0.222576
0 7.177071 0.614636 0.093015 0.217554
0 7.622070 0.619141 0.041016 0.199219
0 2.280024 1.300538 0.077819 0.176267
0 2.418945 1.289063 0.068359 0.195162
0 2.735191 1.188880 0.123368 0.217604
0 3.293945 1.024414 0.120218 0.205078
0 4.205377 1.274782 0.073621 0.180905
0 3.538454 0.698939 0.216060 0.128346
0 3.616211 0.539063 0.236328 0.266038
0 3.909225 0.416379 0.076375 0.270258
0 4.027410 0.400826 0.081899 0.277131
0 4.142596 0.377084 0.081996 0.307738
0 4.263672 0.358398 0.132812 0.312197
0 4.526549 0.443205 0.118778 0.174299
0 6.640612 0.675711 0.083404 0.222796
0 6.529656 0.696221 0.082749 0.217378
0 6.413086 0.721680 0.085263 0.224609
0 6.296898 0.755238 0.089890 0.224563
0 4.314340 1.251399 0.074849 0.190297
0 4.438552 1.230844 0.065054 0.164814
0 4.550819 1.210149 0.078951 0.158579
0 4.663061 1.175653 0.072315 0.179431
0 4.756502 1.116511 0.084652 0.221304
0 4.880014 1.088533 0.087629 0.220035
0 4.986386 1.055894 0.101448 0.252413
0 5.123047 1.038086 0.086967 0.208984
0 5.245212 0.996513 0.088951 0.211776
0 5.485352 0.975586 0.072636 0.154297
0 5.704102 0.890625 0.092759 0.238281
0 5.820037 0.866506 0.090420 0.225199
0 5.941990 0.840903 0.081366 0.240399
0 6.080148 0.815791 0.098524 0.256583
0 6.193442 0.817777 0.070976 0.194147
0 0.101640 0.337295 0.063524 0.135528
