0 1.475389 1.844795 0.314847 0.267441
0 0.952160 1.308606 0.466773 0.647889
0 2.633770 0.603476 0.103553 0.043093
0 2.754883 0.537109 0.101677 0.054688
0 2.624023 0.546875 0.087891 0.035156
0 2.101562 0.625977 0.121094 0.181641
0 1.862305 0.624023 0.123047 0.181641
0 1.714844 0.627930 0.121094 0.181641
0 1.413086 0.619141 0.087891 0.156250
0 2.888672 1.018555 0.070312 0.052734
0 1.268793 0.621088 0.091320 0.160163
0 1.124994 0.621619 0.085949 0.157300
0 0.980469 0.622070 0.085938 0.150391
0 0.839844 0.624023 0.089844 0.154297
0 0.695307 0.625549 0.089854 0.157349
0 0.951065 1.333997 0.644341 1.183619
0 2.771353 0.609444 0.109112 0.050933
0 2.646124 1.111320 0.097099 0.062516
0 2.792969 2.250977 0.054688 0.091797
0 1.898422 2.130827 0.125031 0.058758
0 1.597656 2.128906 0.093750 0.046886
0 1.186523 2.132812 0.119141 0.046982
0 0.758789 2.135742 0.087891 0.033203
0 0.445312 2.075195 0.114513 0.037109
0 0.062449 2.081037 0.109477 0.084020
0 0.584961 1.676758 0.072266 0.083984
0 0.596680 1.314453 0.044922 0.074219
0 0.025391 1.451172 0.046875 0.070312
0 0.582972 0.959190 0.052806 0.065994
0 0.033203 0.561523 0.062500 0.060547
0 2.985451 2.126519 0.029097 0.049914
0 0.926758 2.132812 0.087891 0.035156
0 1.005859 2.130859 0.046875 0.027344
0 1.516602 0.949219 0.355462 0.289063
