0 1.003598 3.011819 0.085321 0.047247
0 0.219727 2.743164 0.068359 0.029351
0 0.768555 2.853516 0.072589 0.031250
0 0.840094 2.821303 0.069812 0.029325
0 0.459902 2.972653 0.067637 0.031243
0 0.450192 3.083069 0.067607 0.029418
0 0.536440 3.145524 0.075557 0.029329
0 0.430664 3.172852 0.065663 0.033203
0 0.202878 2.997116 0.065912 0.029434
0 0.252930 3.087891 0.076172 0.050853
0 0.274414 2.915039 0.056641 0.025391
0 0.282148 2.875514 0.060705 0.034129
0 0.303405 2.750959 0.071864 0.029332
0 0.299805 2.793945 0.068359 0.033459
0 0.307617 2.709961 0.071306 0.037109
0 0.237325 2.702883 0.068400 0.031061
0 1.537880 4.145087 0.197884 0.344862
0 0.838867 2.912109 0.076172 0.027384
0 1.334755 4.118720 0.198399 0.346815
0 1.043138 4.079831 0.198880 0.346807
0 1.604625 3.650814 0.205973 0.346810
0 1.407730 3.624245 0.204071 0.342241
0 1.113631 3.584588 0.200231 0.338637
0 1.597406 2.132606 0.165351 0.242600
0 1.069544 2.055564 0.267161 0.134565
0 0.744287 1.778250 0.324511 0.132173
0 0.766448 1.615779 0.342104 0.200307
0 0.435547 1.068359 0.203884 0.347656
0 0.810379 1.124168 0.203461 0.349320
0 1.016913 1.153359 0.208362 0.349532
0 1.088726 0.655216 0.205787 0.345588
0 0.881856 0.627791 0.201496 0.345981
0 0.762030 2.896452 0.081409 0.031185
0 0.842614 2.867252 0.076490 0.031419
0 0.952086 3.194680 0.072391 0.046234
0 0.292957 2.964949 0.093773 0.043242
0 0.580977 2.867961 0.081780 0.036703
0 0.480467 2.841842 0.085942 0.035293
0 0.485352 2.884766 0.068359 0.043065
0 0.467717 2.924774 0.072379 0.037339
0 0.560547 3.015625 0.082031 0.031250
0 0.557004 3.053603 0.073491 0.045138
0 0.447142 3.121939 0.086185 0.044660
0 0.541016 3.097656 0.070312 0.035156
0 0.534584 3.177701 0.084793 0.035279
0 0.534132 3.244186 0.084080 0.031405
0 0.429688 3.210938 0.083611 0.035156
0 0.263827 3.165119 0.089533 0.040856
0 0.263302 3.043836 0.074959 0.048610
0 0.279424 3.002886 0.077870 0.037022
0 0.295436 2.834063 0.081004 0.043127
0 0.825195 2.969727 0.072266 0.033430
0 1.654297 2.597656 0.074219 0.071704
0 1.179851 2.846559 0.072228 0.064695
0 1.198933 2.884321 0.070884 0.059990
0 0.785649 2.774366 0.081045 0.037013
0 0.758497 2.939490 0.075587 0.031375
0 0.750875 2.975575 0.078205 0.037088
0 0.746020 3.022373 0.070811 0.033028
0 0.738281 3.069336 0.078125 0.029297
0 0.991039 3.053680 0.070766 0.040953
0 0.570313 2.908203 0.080978 0.046875
0 0.783203 3.319336 0.072660 0.044922
0 0.738281 3.188477 0.066406 0.025391
0 0.736328 3.152344 0.058594 0.027344
0 0.735008 3.111345 0.072953 0.027378
0 0.568531 0.582758 0.200057 0.346203
