0 0.508671 0.427641 0.00630583 0.0217077
0 0.984235 0.194645 0.00735681 0.024602
0 0.0186548 0.107091 0.0131372 0.0318379
0 0.377824 0.185239 0.0168156 0.0492041
0 0.0283762 0.861794 0.0315292 0.0680174
0 0.694955 0.403763 0.00893326 0.0231548
0 0.074619 0.824168 0.00630583 0.0303907
0 0.739096 0.972504 0.00998424 0.0318379
0 0.0512349 0.109986 0.00998424 0.0492041
0 0.328692 0.155572 0.00788229 0.0303907
0 0.0559643 0.376266 0.0267998 0.0636758
0 0.782449 0.260492 0.0115607 0.0520984
0 0.0751445 0.618669 0.0241724 0.0824891
0 0.056227 0.234443 0.0147136 0.0463097
0 0.77877 0.0716353 0.0105097 0.0535456
