0 0.590693 0.429746 0.00951877 0.0254111
0 0.369117 0.479073 0.0581703 0.118087
0 0.0970386 0.299701 0.0333157 0.0523169
0 0.552882 0.792975 0.0142782 0.0493274
0 0.145161 0.603886 0.0333157 0.0597907
0 0.669751 0.593423 0.0100476 0.0269058
0 0.88551 0.329596 0.0163934 0.0463378
0 0.585669 0.906577 0.0132205 0.0523169
0 0.198308 0.241405 0.00951877 0.0284006
0 0.081174 0.86846 0.0312004 0.044843
0 0.56954 0.298206 0.0285563 0.0792227
0 0.438657 0.85426 0.0290851 0.0792227
0 0.219196 0.0859492 0.00898995 0.0284006
0 0.466155 0.895366 0.0322581 0.083707
0 0.904019 0.162182 0.0396616 0.0852018
